13
0 50 417 241 0.002 1
aigle.bmp
1 50 131 -5 0.002 1
hibou.bmp
2 50 534 1 2.7 1
toucan.bmp
3 50 271 -5 2 1
oiseau.bmp
4 50 204 611 15 1
vegetation.bmp
5 50 769 472 0.002 1
lezard.bmp
6 50 -5 309 5 1
papillon.bmp
7 50 283 301 0.7 1
ecureuil_vol.bmp
8 50 681 -5 0.02 1
chauve_souris.bmp
9 50 -3 481 4.5 1
souris.bmp
10 50 632 611 15 1
insectes.bmp
11 50 769 263 3 1
serpent.bmp
12 50 455 526 1.5 1
grenouille.bmp
25
0 7 0 10 1
1 3 0 12 1
2 2 0 15 1
3 12 0 23 1
4 11 0 40 1
5 4 6 30 1
6 4 2 25 1
7 4 9 45 1
8 4 7 50 1
9 9 1 34 1
10 9 2 13 1
11 9 11 46 1
12 10 9 60 1
13 10 5 55 1
14 10 2 12 1
15 10 8 88 1
16 11 5 44 1
17 2 11 34 1
18 6 3 53 1
19 6 12 67 1
20 12 11 53 1
21 10 12 42 1
22 4 10 50 1
23 9 4 50 1
24 12 4 50 1